cMo_vec
0,5916246426  0,8001697067  0,09853285097  -0,002890114055
0,5781467785  -0,3359018573  -0,7435833812  -0,05850076159
-0,5618955284  0,4968887025  -0,6613433545  0,3851641164
0  0  0  1;

0,5875604597  0,8024812372  0,103906545  -0,002303141254
0,5788896951  -0,3271409653  -0,7469039495  -0,05855364255
-0,565384318  0,4990016561  -0,6567632147  0,3852894477
0  0  0  1;

0,5907387998  0,7996898593  0,107348961  -0,002474724359
0,5768547437  -0,3255617072  -0,7491649882  -0,05844977072
-0,5641509329  0,5044855834  -0,6536268209  0,3854869847
0  0  0  1;

0,5934087216  0,7965197037  0,1158553005  -0,002263892747
0,5831317914  -0,326217784  -0,7440021985  -0,05875064504
-0,5548183513  0,5090563024  -0,6580564399  0,3856574966
0  0  0  1;

0,5949526871  0,7959739223  0,1116101033  -0,002385744873
0,5852763854  -0,333857321  -0,7389119311  -0,05847876959
-0,5508927779  0,5049403967  -0,6644940504  0,38624926
0  0  0  1;

0,5842197562  0,8049031426  0,1040106128  -0,002302185962
0,5721509771  -0,317568875  -0,7561701324  -0,05840674572
-0,5756131826  0,501279304  -0,6460561302  0,3848958708
0  0  0  1;

0,5886084577  0,8018488209  0,1028520876  -0,002527338788
0,5767702047  -0,3273855622  -0,7484349168  -0,05849047064
-0,566459367  0,4998571417  -0,6551844194  0,3853825797
0  0  0  1;

0,5894506031  0,7991158522  0,1181602355  -0,00201309073
0,5704520364  -0,3082118296  -0,7613080469  -0,05887866277
-0,5719549463  0,5161582344  -0,6375329141  0,3868214263
0  0  0  1;

0,577778513  0,811095976  0,09107857973  -0,002865083062
0,5888435405  -0,3369635202  -0,7346556138  -0,05818032056
-0,5651860532  0,4780992614  -0,6722989078  0,3762259888
0  0  0  1;

0,5888045437  0,7995513214  0,1184351884  -0,001493790264
0,5836738057  -0,3192365024  -0,746600927  -0,05875779437
-0,5591369224  0,5087295353  -0,6546450657  0,3929108349
0  0  0  1;

0,5912519636  0,7966458583  0,1256045065  -0,001964331486
0,5786306217  -0,3105409051  -0,7541557863  -0,05882974927
-0,5617897465  0,5185747031  -0,6445716081  0,3863837526
0  0  0  1;

0,5910263762  0,7986696935  0,1132013394  -0,002334091112
0,5811390899  -0,324255878  -0,7464150881  -0,05876821031
-0,55943291  0,506936728  -0,6557819554  0,384499199
0  0  0  1;

0,5902375446  0,7997755801  0,1094470761  -0,002275160397
0,5794907262  -0,3254153402  -0,7471916452  -0,05861041713
-0,561969874  0,5044441276  -0,655534883  0,3858512961
0  0  0  1;

0,5934347775  0,7969624324  0,1126323499  -0,002456576399
0,5872603301  -0,3330276845  -0,7377112348  -0,05882430314
-0,5504184494  0,5039280135  -0,665654631  0,3844088877
0  0  0  1;

0,5811623107  0,8051616645  0,118173866  -0,001567754822
0,54444209  -0,2767595655  -0,7918250776  -0,05829337381
-0,6048414497  0,5245177184  -0,599206128  0,3899108684
0  0  0  1;

0,6016369672  0,7915715347  0,1069928277  -0,002541173972
0,5811149644  -0,3418538288  -0,7385400178  -0,05817653093
-0,5480313475  0,5065081097  -0,665665965  0,3867427486
0  0  0  1;

0,5778526925  0,8093056662  0,1054068521  -0,001861967694
0,5803646428  -0,3166692349  -0,7502649379  -0,05886532119
-0,5738145582  0,4947170245  -0,6526805639  0,3886038583
0  0  0  1;

0,5980434843  0,7956730926  0,09616818956  -0,00298943056
0,5777778215  -0,3448587889  -0,7397602346  -0,05813489599
-0,5554428682  0,4979726353  -0,6659628178  0,3890423983
0  0  0  1;

0,5906872594  0,7995172455  0,1089070053  -0,002308236271
0,5786871101  -0,3256888684  -0,747695118  -0,05856271585
-0,5623253419  0,5046770603  -0,6550505894  0,3863310004
0  0  0  1;

0,5789293227  0,8092713049  0,09960318426  -0,002047073081
0,5783595875  -0,3214611998  -0,7497752227  -0,05858737988
-0,5747530137  0,4916733184  -0,6541531328  0,3862231802
0  0  0  1;

0,5870807169  0,8028715445  0,1036026776  -0,002354099936
0,578380439  -0,3264568324  -0,7475974881  -0,05854831702
-0,5664029481  0,4988218314  -0,6560217077  0,3857593863
0  0  0  1;

0,586471903  0,8027564779  0,1078552003  -0,002083440731
0,5773236796  -0,3209005923  -0,7508130119  -0,0585028281
-0,5681092113  0,502598097  -0,6516495047  0,3861919446
0  0  0  1;

0,5862197129  0,8035357868  0,1033280578  -0,002305016808
0,5791098969  -0,3264257993  -0,747046133  -0,05854586423
-0,5665493584  0,4977714705  -0,656692765  0,386033477
0  0  0  1;

0,5951863699  0,7950024114  0,1171509752  -0,002074485128
0,5853518824  -0,3290343767  -0,7410125186  -0,05885335721
-0,5505600411  0,5096150948  -0,6611929343  0,3887645466
0  0  0  1;

0,5793176171  0,8094783777  0,09558166399  -0,002607811397
0,5692689527  -0,3178792189  -0,7582121482  -0,05868569003
-0,583372915  0,4936573287  -0,6449639399  0,3856860273
0  0  0  1;

0,5880122444  0,8020848599  0,104410143  -0,002535476429
0,6052248741  -0,3506635922  -0,7146592873  -0,05948435091
-0,5366045585  0,4834200272  -0,6916361942  0,3801150354
0  0  0  1;

0,5844182634  0,8055112861  0,09801459771  -0,002656014025
0,5770893985  -0,3276680061  -0,7480651736  -0,05848813126
-0,5704586923  0,4937461349  -0,6563471907  0,3847381921
0  0  0  1;

0,5913105059  0,8010125763  0,09343841965  -0,003066600402
0,5779282816  -0,340092164  -0,7418464945  -0,05847110251
-0,5624506974  0,4926623312  -0,6640278912  0,3845370516
0  0  0  1;

0,5770070072  0,8115909341  0,09155910285  -0,002723404359
0,5657211358  -0,3162931319  -0,761523638  -0,05756151412
-0,5890861653  0,4912013949  -0,6416374985  0,3834359559
0  0  0  1;

0,593227736  0,7969796374  0,1135971425  -0,002134793837
0,5797022064  -0,3249950631  -0,7472105197  -0,05866208466
-0,5585930586  0,5091185191  -0,6548069398  0,3874884461
0  0  0  1;

Calculated cMo
-0,8470948024  0,0544748309  -0,528642496  -0,002346868165
-0,5029938861  -0,4032731211  0,764439625  -0,05856345737
-0,17154459  0,9134567765  0,3690110717  0,3858277086
0  0  0  1
result object pose
header: 
  seq: 0
  stamp: 124,565000000
  frame_id: camera_arm_color_optical_frame
pose: 
  position: 
    x: -0,002346868165
    y: -0,05856345737
    z: 0,3858277086
  orientation: 
    x: 0,2163141506
    y: -0,5183653657
    z: -0,8092247826
    w: 0,1722230735

